0 0.84765625 0.8046875 0.0578125 0.15546875
0 0.75859375 0.1984375 0.1984375 0.08046875
0 0.36015625 0.2953125 0.0578125 0.040625
0 0.28515625 0.3953125 0.02890625 0.0453125
0 0.34765625 0.46953125 0.053125 0.0296875
0 0.2171875 0.82890625 0.03359375 0.09296875
0 0.15078125 0.8796875 0.03125 0.07265625
0 0.34921875 0.86640625 0.05078125 0.025
0 0.3515625 0.79375 0.04140625 0.01875
0 0.2859375 0.68046875 0.0265625 0.03125
0 0.721875 0.61328125 0.0484375 0.034375
0 0.578125 0.86484375 0.03125 0.021875
0 0.58828125 0.971875 0.03125 0.01875
0 0.33671875 0.68671875 0.021875 0.025